[gd_scene load_steps=6 format=2]

[ext_resource path="res://Assets/Meshes/large_tropical_bridge_whole.obj" type="ArrayMesh" id=1]
[ext_resource path="res://Scenes/Materials/CelShaded/light_tree.tres" type="Material" id=2]
[ext_resource path="res://Scenes/Materials/Palette/7.tres" type="Material" id=3]

[sub_resource type="BoxShape" id=1]
extents = Vector3( 4.898, 1, 6.86688 )

[sub_resource type="CylinderShape" id=2]
radius = 0.771877
height = 4.66403

[node name="LargeTropicalBridge" type="Spatial"]
transform = Transform( 0.994058, 0, 0.10885, 0, 1, 0, -0.10885, 0, 0.994058, 0, -0.699565, 0 )

[node name="Map" type="StaticBody" parent="."]
collision_layer = 8
collision_mask = 0

[node name="CollisionShape" type="CollisionShape" parent="Map"]
transform = Transform( 0.995965, 0, -0.089746, 0, 1, 0, 0.089746, 0, 0.995965, -1.16446, 0.919784, 0.66802 )
shape = SubResource( 1 )

[node name="Solid" type="StaticBody" parent="."]
collision_layer = 4
collision_mask = 0

[node name="CollisionShape" type="CollisionShape" parent="Solid"]
transform = Transform( 1, 0, 0, 0, 1, 0, 0, 0, 1, -5.28528, 1.09133, -6.57316 )
shape = SubResource( 2 )

[node name="CollisionShape2" type="CollisionShape" parent="Solid"]
transform = Transform( 1, 0, 0, 0, 1, 0, 0, 0, 1, 4.84197, 1.09133, -4.90403 )
shape = SubResource( 2 )

[node name="CollisionShape3" type="CollisionShape" parent="Solid"]
transform = Transform( 1, 0, 0, 0, 1, 0, 0, 0, 1, 2.88289, 1.09133, 7.80019 )
shape = SubResource( 2 )

[node name="CollisionShape4" type="CollisionShape" parent="Solid"]
transform = Transform( 1, 0, 0, 0, 1, 0, 0, 0, 1, -6.68932, 1.09133, 5.98954 )
shape = SubResource( 2 )

[node name="tropical_bridge" type="MeshInstance" parent="."]
transform = Transform( 0.122285, 0, 0.992496, 0, 1, 0, -0.992496, 0, 0.122285, 0.649614, 0.300536, 3.13519 )
mesh = ExtResource( 1 )
material/0 = ExtResource( 2 )
material/1 = ExtResource( 3 )
material/2 = ExtResource( 2 )
