[gd_scene load_steps=6 format=2]

[ext_resource path="res://Assets/Meshes/smaller_tropical_bridge.obj" type="ArrayMesh" id=1]
[ext_resource path="res://Scenes/Materials/CelShaded/rope.tres" type="Material" id=3]
[ext_resource path="res://Scenes/Materials/CelShaded/tree_color.tres" type="Material" id=4]

[sub_resource type="BoxShape" id=1]
extents = Vector3( 4.72381, 1, 6.23402 )

[sub_resource type="CylinderShape" id=2]
radius = 1.44987
height = 4.47831

[node name="SmallTropicalBridge" type="Spatial"]
transform = Transform( 0.994058, 0, 0.10885, 0, 1, 0, -0.10885, 0, 0.994058, 0, -0.699565, 0 )

[node name="smaller_tropical_bridge" type="MeshInstance" parent="."]
transform = Transform( 0.669883, 0, 0.742467, 0, 1, 0, -0.742467, 0, 0.669883, -11.7072, 0, -21.1425 )
mesh = ExtResource( 1 )
material/0 = ExtResource( 4 )
material/1 = ExtResource( 3 )
material/2 = ExtResource( 4 )

[node name="Map" type="StaticBody" parent="."]
collision_layer = 8
collision_mask = 0

[node name="CollisionShape" type="CollisionShape" parent="Map"]
transform = Transform( 0.991486, 0, -0.130215, 0, 1, 0, 0.130215, 0, 0.991486, 0, 1.36979, 0 )
shape = SubResource( 1 )

[node name="Solid" type="StaticBody" parent="."]
collision_layer = 4
collision_mask = 0

[node name="CollisionShape" type="CollisionShape" parent="Solid"]
transform = Transform( 1, 0, 0, 0, 1, 0, 0, 0, 1, -4.50667, 1.31642, -6.49642 )
shape = SubResource( 2 )

[node name="CollisionShape2" type="CollisionShape" parent="Solid"]
transform = Transform( 1, 0, 0, 0, 1, 0, 0, 0, 1, -4.78472, 1.31642, 5.24392 )
shape = SubResource( 2 )

[node name="CollisionShape3" type="CollisionShape" parent="Solid"]
transform = Transform( 1, 0, 0, 0, 1, 0, 0, 0, 1, 4.04203, 1.31642, 6.48671 )
shape = SubResource( 2 )

[node name="CollisionShape4" type="CollisionShape" parent="Solid"]
transform = Transform( 1, 0, 0, 0, 1, 0, 0, 0, 1, 5.38755, 1.48292, -5.64421 )
shape = SubResource( 2 )
