[gd_scene load_steps=6 format=2]

[ext_resource path="res://Assets/Meshes/tropical_bridge_whole.obj" type="ArrayMesh" id=1]
[ext_resource path="res://Scenes/Materials/CelShaded/light_tree.tres" type="Material" id=2]
[ext_resource path="res://Scenes/Materials/Palette/7.tres" type="Material" id=3]

[sub_resource type="BoxShape" id=1]
extents = Vector3( 4.72381, 1, 8.34614 )

[sub_resource type="CylinderShape" id=2]
radius = 1.10688
height = 3.34689

[node name="SmallTropicalBridge" type="Spatial"]
transform = Transform( 0.994058, 0, 0.10885, 0, 1, 0, -0.10885, 0, 0.994058, 0, -0.699565, 0 )

[node name="Map" type="StaticBody" parent="."]
collision_layer = 8
collision_mask = 0

[node name="CollisionShape" type="CollisionShape" parent="Map"]
transform = Transform( 0.991486, 0, -0.130215, 0, 1, 0, 0.130215, 0, 0.991486, 0, 1.36979, 0 )
shape = SubResource( 1 )

[node name="Solid" type="StaticBody" parent="."]
collision_layer = 4
collision_mask = 0

[node name="CollisionShape" type="CollisionShape" parent="Solid"]
transform = Transform( 1, 0, 0, 0, 1, 0, 0, 0, 1, 3.31635, 2.91611, 7.46363 )
shape = SubResource( 2 )

[node name="CollisionShape2" type="CollisionShape" parent="Solid"]
transform = Transform( 1, 0, 0, 0, 1, 0, 0, 0, 1, -5.98565, 2.91611, 5.34498 )
shape = SubResource( 2 )

[node name="CollisionShape3" type="CollisionShape" parent="Solid"]
transform = Transform( 1, 0, 0, 0, 1, 0, 0, 0, 1, -4.43007, 2.91611, -8.2523 )
shape = SubResource( 2 )

[node name="CollisionShape4" type="CollisionShape" parent="Solid"]
transform = Transform( 1, 0, 0, 0, 1, 0, 0, 0, 1, 5.92603, 2.91611, -6.01822 )
shape = SubResource( 2 )

[node name="tropical_bridge_whole" type="MeshInstance" parent="."]
transform = Transform( 0.0910496, 0, 0.995846, 0, 1, 0, -0.995846, 0, 0.0910496, -1.68755, 0.566073, 12.7641 )
mesh = ExtResource( 1 )
material/0 = ExtResource( 2 )
material/1 = ExtResource( 3 )
material/2 = ExtResource( 2 )
